XX

1111111, welche 111, 11 lange 111 0111111111 zu Klosterneuburg
1111111111, Geltung haben 1).

lm [1111111810 111111 sich 11101111 dieser Begabungen.
Was 1111111 11 remedium 1111111 101111111113111111011111111111
stirte 111111, 11111 1111111111 111 11311οἰ1111 111 Gegenleistungen
8111111111 01111113 ausgesproch'en. 81111, wo dem 81101111 11111-
11111 11111111111101111 111 Liebesdienste 1111 Begnbung 1111111111,
11111111 111 zu den 1111111111 ⁸). 11111 1111111101811(1. Β. eines
Choralbuchs, Rauehfasses, 11111111) 11111111 1111118111. 81111111-
11111111 1115101111 0111111311. 81111111 geben 011111111 011-
10101 111 1111111111 hin, 1. h. 111 1011311111 1111111111111811111
gegen eine 1111111111 Leistung in Geld 1110111111111 10111111 1111111-
11111 ⁸); 0111111111111111110111111 101111 [111111111111 31111011,
wo 111 01111111111111 [1111111111 111 Werth 1110101 0111111111.

01111 Schenkungen setzten 111 011111111101111111011111111
0001131111111111111111 11 11111111,1ο1111111111 bei geregelter
Wirthschast und Sparsamkeit 111 81111111181111) durch 11111,
0111111111 11111111111111 11 1111111111.

¹) 1811. 1. 08, mom 1111 1. 188.

¹) 01111111 800, 881.

⁸) Dngegon 11111111 11111 111 8110 111111 1111111183 011111 111 [1183111111. 81
011. 1111. 117, 110, 808.

⁴) 011 1111111111 111 18. 111111111111, wo 1288 111111110111111111 111111 811111

01111111 11111111 111111, 81111 111 stin 11111 dem Zeuguim 111 Codex 11111·

111111181111111311111011111111111111111011111 - “

1111111111111 (1111111311) 20. 11111120. 111111 870. 1111111 campus 112.

, 1111111111111111111181.

0111180218. 8111111111 008, 000. 1111111111 208. Remmiam} 218. 0111-
1111 882. 0111111111 80, 220, 820. 8111110113 821, 708, 778. 8111111111788.
81111111111802, 771. 0111111111 710. 01111111111 17, 107, 810, 1178, 771.
01111 188,178, 870, 800. 0111111111828. 8111111111 27, 20, 888.

0118111111800, 88101111111311 182.

01111111111118. 01111111111800. 08111113 000. 01111011111 070 011111111111
780. 0101 108. 0011118118121, 128, 180, 008, 788.

0111111111 188, 800,770.1181111111 (01111) 888, 788. 111111111811111111131311111)
878. 1131110113 78, 218, 881, 888, 871, 012, 080. 1111111111 787. 1111111111
181. 11111111111111 (1131111311) 180, 188. 1111111111. 818. Euge!-
31111117 80. 0111111111111 0111113110, 011. 0111111111 (hung) 78, 288,
182, 800, 700. [1111111111 182. 11110113 200. 11111 802.

8118111177. 8111111111 80. 8111111111 811. 811111118οθ. 0111181111 881.

01111111 188. 0111111111 188, 888, 888. 0111111111 818, 888, 801, 081. 01811111111
(1131311111) 800, 108. 0111111111 800. 011111111111(11111111111111) 881.
011111811Ὶο 01131800, 127. 0811111111 187. 0111111880. 0111111887.

 

