303

11111 Tayl, Swaz 11111111 1118111111 geit 11111 011, 11 11)
prot. Wein‚ vleiseh, phenning‚ die 1111 1111111111111, 1111111

01111 man 11 geb, 111111 11111111111111111, 1111111111, 1111
1113111111, 111111 1111 11 11111 tay! 11111111. 1111111111 1111 1111
111 spitalmeister der phenning‚ 111 Vnder 111 11111113111111111-
111, 1111111111 1111111Τ111 311, 111181111111 111, 1111 man
1111131111 111 8111111 11113111, in dem 11111111 11111 1111, 111
111 brief 1111111111, 111 (111 1111111111 111111. 11111 1111 11111
111 111 1311111 Spita! 1111111111, 11 111 1111111111 1111 1111111111
1111111111111111, Aygen, Von 111111111111, 111 111181111113
111111131111, 11111111 dem 01111111 111 1111111131111111, Vnd
dem 811111 11 1111 1111. 111111111111 1111, 111111181111111111111
1118111111311 111 1111111 mit 1111111111, 1111111111, 01111111
111111111111, (111 111 3111111111 mit des 011111111,111111111111
1111111111 11111111111, 111111, 111 daz 111111 11111 111. Vnd sol
1111 1111111111 bey 1111 11111113 sein. oder 1111 111 111111 11111 11
111111111 11111111 11111111. Vnd sol die Rayttung gescheehen 11
allen Quatembern. 1111 11 11111111 111, 11111 111 Purger dem

¹ Probet gesehriben gebent 11111, 111 1111111 11 dem Spita! gehort 111
geben 111, 111 11 1111 (111 1111111 111 (1110111111111 11111111 111-
1111111, 111111111111111111111 1111 111111. 1111 111 1111 1111
Q 11111 111111111111, 1111111111] 111111 111, 1111118111111131-

1111. 1111 geben wir zu 111111111111 Β1111, 1111911111 mit 1111111
1111911, 111 geben ist 11 111111 11 1111111111 1111 111111 1113111111
111. Ν111 0111111 311111 1111111111 1111111111, 1111111 11 dem
1111 111 11111111111111.

Orig- vag. (Prot. ΙΙ. 1. 110.) 11101111111111111111111 111. 111. 110. 1. nn siml 11111.

111111111111 1111111111111111111111111111 11111111, 1111 111 11111Ιὶ1111
1111111 111113111111111111111111. 81 1300 11111111 3111111111 111 0111111-
111111, 130611131111111111111111111111111111 (N. 1011), 1107 1111111111
ι111111111111111,11’111111111, 1131111111 111 St. 1111111111 111 Ρ11111 (N. 116).

11111 11111 111 111111Ρ1111111111111 111 11111111 11111111111111111111
1111111111 111111 81111111111111111 1131111111 111111, 11111111118111111
11101111111111111, 111111 1111111111 Capella 1111111111111111 111 11111.
1111. wir 1111111, 1111 111 (111111 11111111111101111311111111111111
01111111111111 11111, 1111111 1111 dem 111111111111111111111 111 1131111111
1111111 111, 111111, 1111 (111 11111111111111111111111311111111111111-
111 1111111) 11 111111111111111 mi 8111111,11111111111111 811111, 111
111111 111 St. 1111111 1111111111.

 

