11

1111111111 1111 11111111 111111111111111111 1111111 11111111, 111 sich
11111111 1111111 11111111112111111111111 zur Seeuorge 11111111111
1111111111 1111 11111111111111111111 ¹).

11111 11181111 der 1111111111111111111111111111111 111111
1111111111, 11111111 die 11111111 11111111111111-11111111111111 ¹) 111
1111111111 ⁸). 1111 Η1111111111111 1111111 3111111111111 durch 11111
111111111; 1111 mit (1111111111 11111111111111111111111111111 eigans
1111 stine 1111111111 mit 1111 1111131181111111111111111111111111
11111111111 11 den stistsrechnungen 1). 1 11 die sorgfflltige Hut
111 11111111111111 111311 011 8111111111 des 11. 1111111111111).

111111ς1111111(11. 202, 202, 201, 2111, 210, 221, 221, 227, 222).
11111111 (11. 201, 278).
1111111111· (11. 821, 211).
1111111113 (11. 222, 118).
st. 111121 (11. 227).
[lber 1111 11111 1111111, 11 1111 11111 1111111113, 11111111111111111111.
1)11 1111111 1222 111111 111111 0111111 111. 111 gromen Gmungnkoston men. 011
[11111 111 1111111111111 1111111111 Lm. h ,1222, pro 11111111111111 11111111
11 11111 100 01111111.
²) 11111, 11 1111111111111111111 (111 2111111111 1111111 11111111111111113 ,111 Bib-
1111111111111111111111111111111· 111 1111111 1111111111 111111111111111 0111111111-
1111111 1810, 11. 1111, 2721111.
⁸) 1222, 1111111111111 11111111 1111111111 1111111111111 11 111 suat 1111111111·
hug (hb. L.)=
servicium 111111111 metio seompeekh 1³¹l, 111.
0111111 01111311 181111.
1111111111 1111111172 111.
1111111111111111 1111 1 111.
11111111 11111111 1 111. 11111111.
⁴) 1221 Pro 111111 1111111111 regina 12 111.
11021111111111111111 pro 1113111112 111.
11. 111111 pro 111111 11 801111111111, 111111111180111, 1111110111.
1105. 011 11111111 pro pergameno 111111111111 novum 1 111. = 211, 111. 12111.
mo, 81111111111111111 1ο11111 11 1111111112 111. - 11. 28 (111.
11. 11111 11 libro 1111 111111 11. Augustini) 10 111.
11. idem 11, 111. - 11. 11111 11 111.
11. 11111111111221111111111113111, 11 11 parvis 21], 111.
1111111. 11. 11 111. - 11. 11111 112 111. - nem 1111111,11Ι.18111.
11. idon 1111111111 domini 111111 70111. - 11. idem 11111.
Pro 11111111 pergameno.
11. 1111 711111111111111110 111112 111. 10 111.
11.. 711111111111 per 11 (111. tacit 2 111. 8 111.
11. 1101111111 1111 1111111111 1211111 11 111.
⁸) 111 1111111111111 111111110111 librorum
1111111111 111111 dispendiis, que 1111111111111 111 concessione librorum 1111111111
1111113111, precavere consulein 11111111111, conventuali 11111111 (1111 1111

d.

 

