11

eumuna 11111 11111, 11 11111111111111111, 1111111111 11111111

11111 11111111 11 11111111111111111111111 111111 Ρ. 11.. quen 1 1111111111111,

111 1111 colleg· 11. 11111111 311111, mn 11 11111 prtum

1. 11. 111111.. 1111118. 11111111). 1. 01111 1111111111.

11. Ρ. Ι. 111. Ρ. 1111. 008111. Ρ11111 plau, 11111111111111,1ἰ11111·1 elypeum
gum

11. 1111111111111111111111181111111,111111111111111111111111111111111111111111111
put 11111111 1111, 111111101111111111111111. Antonffl Ρ11111, cauponiorum
1111111 dignu, 11 1131111, 1111111 1111111, [1111111111.

A„ 11111. 1111811111. capnt 1111111111 11311111 tun-hu.

11 0111188011Ὴο. Pavo, 1111111 1111111111, 111111111 1111111

111 11111111 1111111111 11111111, 111111 Ι. 1. 1111111 11111, 11 1111111, mclii moduli,
111111 11111, 11111 111111111111111 11111 circensibus. 11 111131ι1111111111111-
1111111111111111111.

1 1111811111. 1111. 0111111111111111111111.

st 8110111. 1111101118. 1111111111 11111111 111111 1111 figuris colludentibus.

1111. 1111111111. 11111111, 111111111ῑί1 11311111, 11 1131111, 111111 1111111, 111111 11111.
011111
1. 1111811111 110. 011111111111111111111 1111111.

11 1111181118. 1111111111, 11111111 11111 111111, 111111 1111111 11111111 111111.

111111111111811111111811111 lup.. 11 1131111111ἰί 1111111, 11111 1111111 tempor·
1111111111ιί1 1111111ιί111 1111111111 111. 0111. 1111111110881, 11 1111 christi ‚
2⁰8, 1111111111. 1111111 minim.

Δ. 811111181118 110. 01111 1111111111.

11. 111. Ρ. 111. 008. 111. Ρ. Ρ. lm gadim.

11. 11111111 11111111, ex urgento, 1111111 mii. 1111111 11111 1111111 1111111 Parthici
1111111 1111 1111111111 8111111111 1111111111 regom 1111111111 1111111 111 eun
ctesiphonte, 1111111111 regia, 11111111 8111111111
1811111118. Ρ118. Auo. 011111111111111.
tt 1101. 11111. - - - X. 11111111 11111111, 111111 11111111, 11111111 pulum

111111 11111111.

111. 11111111 Julian 11111111 Aug„ 1111118111. Severi inp. 11111, 11 1111111111ἰί
1111111, 11111 1111111, tompore 1111111111 11111111 111 praerato· 1111 111111
11311111 0111111111 11011111, 111 1111 1111111111.

Α. 11111. 1101811. 01111111111 1111111111.

R 8111111118. 1111111111, 11111111 11111 copiae. 1111111 1111111 patmum
oblongum 111111; 1111111111 pedum 11111111 1111111 Augusti, 011111111111
0111, 1111111111.

1111 11111111 septimii 811111 lup. 11111, 11 trgum-medinm 11111111 11111111,
1111111111 11111111811111111,01111111111111111 0111111111, 1111111 1111111111
Num 11111. 0117, 1111 0111111111 111111 m, Imperii 11., 11111 mu· 11
pretiosus.

Δ. 8. 0. 01111 1111111111.

11. 1. 1. 11011. Figura 1111111111 11111 1111111111 1111111 1111111111 1111111111, 1111-
1111118111111111111111,1111111111 potius Septimii 811111 contr· 111111-
11111111 0111111111 partam.

11111. 1111111111 Septimii 811111 Imp. 111, 11 urgento, 11111111111,111118111111111
missione 1111111 01111311111111. Obvius 11 111111.

 

