Ala Leopold 11. 1111111111 1111111113 1111111111, 111 1111111111
11111131 111 8111111111, 1111111111 1111111111111111 (1.11111100)
111111 1111111111 111 11111 1111111 1101 1131111111 11113 1111111
1111111111111111111, 1111 11 111 111111 111 (1111131 eine 11111-
11111 1111111111 mit einer dem 1. 1111111 31111111111111111111 111.
01111 111111111 811111 11111111111111111 Cetium 3111111111, 11 11
111 Burgum 111 1. 8111111 3111111 111 111 111 111111111111113
1111111111113111 (111111191111111 worden, 1111111111111111111 ¹),
1111111111 11111111111 111111 11111111 1111111 worden. dafllr

11111111 111 hier auagegmbenen 1111111111 0111111111). 011

¹) 011111 1111111 11111111 P. 1. 1.. Ι. p. 11. 7111111111 11111111. 11111 lm, pag. 10.
01111111, ’11113111111 1. 107. - 11111311 1111111111 Archiv 1⁸⁴⁹. 1111. 11. 8. 1111.
’181 111 den 8011111111 11111 11111111111 111, 0111111111,111111111111111111111
lessenzelgem 111 111111111111111 1111111111 (111111 1111111111 111111111111, 01.
aud, 111111110118. ⁶2 111), 11 111 11111311 1111111111, 11111 1111111111111111
111111717111111011111111111 11111111, 111 1110111111 111 11111 cmm superior
elugerinen 11111. 1111111111101111111111111111101 11111111111111111, 111 111
11111 11111 111111111111 1111 111111.
111111111111111111111111111111111111111 11111111. 1111111 111117171111·
111111111111111111 novo-exstruet! 1111111111 11. Gregorio 11111111, 111111111111, 11111
11. Laurentio 11111111, 0111111111, 101111111111111 11111111 11111111 11 1111, qnod
111111111111111111111111111111 111,11111111111111111111111111111111111111111111111.

1. 1111111111 011111111111111111111 ’1111111111 1111311111111111111111, 11111111
01111111 1111111111. 11111111, 11 111111ῖωί111 11111111 0111111111, 111 nummorum
111111 1111111, 11111 1111111.

Α. 11111111. 1111111. 1111111111 111111111111111111111111 01111111 11 11111111.

11ἰ m. 00110118. 011 1111111, 1111111111111111 11111111 11111, 1 111111111111
111111, 11111 1111111 1111111111, 11111111 11111111 1111111 11111111 111111111111
gotum.

11. 11111111111011111 111111, Ρ11111111111 1111111, 11 1131111,ωωὶ11111111,11111
11 111111 V. 0. 822, 11 1111 0111111118, 1111 11111111 01. 0. 11111111 Augusti
importata 1111111111 111111. 1111 11 1111111111.

Δ. 01111 11111111 111111 ornatum, 111111111111111111101111111 1111111111.
11. 0011011118. 11. 11011111 1111111111 11111 1111111111 111111111111111111
1111111111 ligatu.

 

