XXV

1111111111 111111111111 deo 1111111 waren 111111 111 1111111111
1111111111111111111· 8111111111 und 1111111111. 11111111, 11111 111
11 11111111 1111111111, 1111 zum Stistspatronate 11111111, 11111111 zur
1110111111111111,11111111111111111111811111111111(1111111111
111 11111111 11111111 ¹). 11111111111111 (11111111111 111 1111111111
der lnnung, 11111 111 11111 bestimmten 1111111111111111111111 auch
111111111111 1111111111 waren ⁸).

Zufolge ihrer geiatliehon 11111111 111111111111181111111111 dan
1111111111111111111111111111111111111111111111υά11. 011 1111111111
1111811111111111111111111, 111 ’11111111 1111 1111111111 1111111311 1111
1111111111), 1111111 0111111111 111111111- und anderen Angelegen·
1111111 1).

011 1111111111 111811111·)111111111111111111111111111

¹) 111111 11111111 1178, 4118.

¹) 81111 1111113111. 111. w.

¹) 81, 111 111· 1111111111 1111111111, 1111111111 011111 1111111111 1111111· [1111111111
11 1111111 (1111111111411), 11111 111 11111 11 1111101111111 Β. 1111111111
111 111111 111· 1111111111111 (1111111, 01111. nen Ι. 111), 1100 11 einer 01111111
1111111111 111 1111111111(1,111,1111111 01111111.177),1161111111111111111-
111111811111111811111111111111 (flou-mayr, 01111. 111111, urkundenbuch 111. vn),
11 (1111111111 1111111 dor 01111111 1111 11111111 8111111111181 1111111 (111. 111
11111111, 11111. 8111111. Ρ. Ι, pag. 106, 1. 111), 1161 11 1111· 1111111111 1111 11111111
1111111111 1111111111· 711Ιά111111 (11111, 1111111111, w. 011. 1111111111 von 111Ιά111111
111. 6), 1181 11111181111137111111111. 011111. 1. 718). - 811111111111111· 1110
111 louge 111111111111111111111111 0111111111 11811111 1111 dem Pnger 1111111111
(11οὸ11, 01101111111111111111. 1111. 110). - 81111111 0111111361 111 8111111111
fir 81. 8111111111111111, 11. 11187), 11 1111 11111111111111111111111111111111 lv. 111
111111(1111,11. 1777, 111. 1), 11811111111111111111111111111 (8111111, eol. 110),
1111111111111111111111111111. 1111· 1111111111111 81. Florian und 81. 1111116111. 111,
311)1111116111111811111111111111111111·11111111111111111 (Horum, 11. 111. 111).

1) 81 111111 01111111 1181, 111 6111111111 1111 1111111 11 0111111111 11111111111
(11111111, 1. 11. 1111111111111 Pon 88111 h. 1.). - 114311111111101111111-
311111 111 dem 1111 von 11111111111111 11111111 1111 1111111111 1111 1111111111
81 1111111 11111111 11111111111, 1111111111 11. 11111111 ll.

ι) 1111 0111111111111111 1111 11111111 11111 111111 1111 1111111 111111 1111 xlv. 1111·
1111111111111111111 1111 tangendo:
11111111 118111 11110 1117711111111111111701 111. 1111141111111131111.
. „ 1181111101, ,, 101111. ,
, ,, 11811 180611, . ‚ 181 ,, 871111.
. ,, 118711111 ,, 401111. ,,
, ,, 118811140 ,, 7111111111.. 1101. 181111.
, ,, 1111011116 , 101111. ,, 1479 , 7111. .
, , 11001 1117 ,, 141111. ,, 1000 , 11111. 11111. ,,
,, ,1110111608 ,, 7111. , 1846 ,, 7111111111. .
. , 11111011 ,, 801111. ,, 1177 ,

..11111111 ,11111 , . (111111)

 

