447

heiliyemtat 111 111 1111111 der foster 11 1111111119 111 111 peter
hadmar ze 1111111111 die 9111911111 der 11111 1111111 111

11111111 - 111 11111311111111111 111 111111111111111111
(1161111111 ze der 1111119111111, 111 wir gepeten 11111 111
1111111311 111111111111 111111 Probat 0111111111191111111 11111
111111 11 Ν11111111 11111111111111 11111111 erbern herren 1111111111
1111111111 11111111 111 11111 111 dem 0111111 1111111 - doz 11
vm 11111111111111191111111 11111 1111 111111111111111, 111 111
[11111111 1111111111 1111 11131, 111 main 1111111, 111 11111111
1111111 11111 111 11111, 111111 1111111111 11111 1111111111111
1111111111111111111111 1111111111111111111111 1111 - 111 111111
111111111111111111 11 11111111 haben 11 111111111111111111
11111111111111, 1111111111111, 1111111111 11 111111, 1111 1111111
geben 11 111 111111111111 schol auch 1111111111 11111111111111-
111 11111111] 1111111111, als 11111111111111111. wir 11111 1111,
wer 111 111, 111 111 ,111113 111111 1111 11111 11 dy 1111, 111111·
11111111 11111 11111 111 11111 1111111111, 111 11 31111111 111 1111111
1111, 111 1111111 111111 1111111111 1111111 1111111111111111
11111 111 11111111111111 111, 111 11111 1111 1111311111 1111111
111 111111 [11111 11 11111 11111111111111111111111111111111
11111 111 wigen, 11111111 mutent, wir 11111 1111, 11 111 111, 111
11111111111111 111 1111 gel) 1111111111, 111 1111 11111311 111111,
1111 111 111111, 111111 111 3111111111 111 1111111 11111, 111 111
111111 11111111 11111 11111111111111111 dy pharrehirehenbedarf
11111111111111111, 11 1111111111111111 111111, 111 11111 11111
1111 111111111311 11111111 1111 1111, 111111111111111111111111
111111111111 tag 111 11 1111 Jacobs 111 1111 111111111111111, 111
1111111111 111111111 1111111111 1111111 mit 11 111 1111111131 also
weschaydenlich, 1111 11111111 1111111 111 11111 111111, 111 111 111
111111111 (111 (1111111311 8111111111 111- 111 ander 111111, 111
11311111 1111111131111111111 — daz 111111 1111 11111111 111 1111
1111,111 1111 111111111 11111 11111111 werden, 1111111111 1111
1111111 111111 111 1111111111, 111 1111111 dem, dez in der 1111
11111111111 1111 111111, 111 11111 111 1111111 11111111111111
1111111111111111, 11 11111111 111 11111111 wegen mit vigili 1111111
11111111, 11 11111 1111 pey sein 111 13111111 1111111 1111 111 11111111
111 11111 mess 1111111 1111111111 1111111111, 111 111 11111111, 111
11111 in die 1111111 1111111131 1111111111111, 11 11111 1111 wegangen

 

