xm

1118311188 8811818888818118811811188 1181188 118 111188118181188
durch eigene ¹) 8181 181888888888 11188 8181 111818 88111111, 1811
118 1188811888 (18818181 der 11118118 8810181811181881)181 (len
81881 ausgeschlngen. und 181 8811888818 11881 18181 'fruger
(8811118188) 18118 181881181888811811811) gebracht und 8188811111 1).
88188 1111181118 111188 grosse (18118118 118 1181188818.

118 8188811818 1181181188 811111 1181881118818818888, 11111118
8881 188 allen 1181 Wein 1811118188, 881 11111 88188181 durch (188
111818881881 (1881111118) 8118118181 188 11811181 im (1188888. [118888
188881881118811 1181 188 1811818 188 188 18888188 1811111181 1).
1188 sn hatten 1118 8118118881· 11811811811188 1118188818818 1111
118181 1118881111 3818888888 1118188, 18111181 oft 11111 1181811111
Streitigkeiten 8881188188, 118 8118818181 881 8111Ιί81818 1188818838-
81888 1181188, 8118811811 8181111181 11811811181881188811181188 181-
88188111811188 81888188. [181 1118881181 118 11181888 38881811811188181-
neuburg in 188 81818188818118181), 188818 den 1818811811818 18
118111888818111)8811118111881818 als 11881(81881881), Heuriger (1181118

&teng 18118111 18 1111881818 (11 81118 818818) 1881, 1111118, 11818.,11118. -
1871, 8111118, 8 1818, 8 1118. - 1877, 121111, 11 1818, 8 1188. ’- 1881,
122 Rnrr.. 81818, 81188, 11111118. - 1888, 81),1811111111.,111818.,111188.
18188 11818ςί1188 188 018118181811 1888, 18 11111.
11 188 1818811188 18 11881811881818 1888, 181 11111. 81 1118 8118811111 81
quinquo 11111118 11811, 81 quinquo 18181111. - 1888, 111) 11111.
¹) 11881111181881181181818188188111111811811181818181 8188 8811811188 18 181181.

‚ t) 11 81881818881 181 818188 1181181,18118101181811818181(18 888811811 8181811), und
1181 118188 818811181111, 118 1181181 18 181 8811181, 181 1188111118, 118 181881181, 118
anagnino! (18 8811111181818),18 181 1111181· (18 81111181), 118 8811811181 (181811
18188), 18 81 88888881, 181 1811181 (18 88111 lignorum), 18 1818 chun, 111 1811
8818891188, 18 181 8181818, 18 1818 8118111 18181 181 8881118181, 1188 1813181-
181181, 18188818181181, 181 181881181181 (88111181818818111) 181 1818118188181.

’)Ι111811811111118118811818811188, 11818118 11188 188181 11888 &elegen 111188,
8818881188 1181811 188 81818188 (1811181888 188 118188 88111118, 1181188 1881
811 111811 1181818818 88811811 (8888818818 18181188888), 88 8. B. 18118. Domino
11 1111881818 (1881 flunmen-11) 1 118, 8181188188. 81881188 (1888811 1888181-
mmmm· , .

⁴) 18 1881 111111881818 18118118881111881111,11810118 1881111, october 1888 (181
1118181818. 881) 8118181888 11818118118188111811 1118181 1181811118 181811 118
11818188, 111 0181811881, 118 0181118881, 118 818181 (1118181, 118 8188118181,
118 6111181, 118 011111, 118 11111181 181 118 881181. 1181811881 1111181118881
18181 ,88188 Pon-ger 8181 1188811· 11111181 11111 18181 18 181 8111118188188188.

⁸) 1181 1181181, 18 1181811881 188888818811 11111, 118118 111811 1188118188 1811111
1811881 88811811, 18118118181 81118112 [188118.

⁸) 8181188811111111188 81811811 0811118 magnum, 88818188881111818118, 18111818
81888 18188111.

 

