1me 1

1111111111,111111 Weidh‘ng und 1131111, 111111 hage der Weing5rten
gaboten. 31311111 folgte, 11111111111131111111311 Witterung im Sep·
11111111,011111111311Ν1111111111),3111111(111311111)·). 3111111111

¹) 31 1111 1313 111 1111 11 1111111111111113 zu Martini 1113 nieht 1111111 Si· 1111
11311113 1111 311 1111111111 naeh- 1111 11111111 3111111111111111. 313111333. 111.
1. ,111111111111111111111 11111 111 1111 pro 1111111111111111111 1111111111·.
ι) 1111 111111 111111111313111111 111111111111111 311 111111131111111311 11111-
11131113111111 (11 11111 11311113) 1111111111
censetor (111111)11111111 1331. 11. - 1333, [11.-1333, 13. 111 11111. -
1331. 11.-1333, 11. - 1337, 111. - 1333, 111. - 1333, 1111

11111111(1111111111311)11131111331, 1333, 11 1.- 1333111 1.- 1333, MN.) 3.
1113111. 1331, 13. -1371, 111. - 13711111. - 1333, 113,

11111111111111111111311) 111 11111 1331, 1331,) 3.

3111111(11111111)11111111 1331, 1333113. -1333, 1111-1333, 1) (1¹10 3. 113
3111. - 1331, 11. - 1371, 113. - 1377, 1113. - 133311- 1333111.

1111111(3111111111) 1331,111. - 1331, 11.

(111111 (113111) 1111111111 1331, 11 <L -1371, 113. - 111 11111 1331, 111. -
1371, 11 1.

1111111 (1111111111) 11111111 1377, 1333, 11.

1131111 morum (11111111) 111 111111 1331, 11113.

111111111101111111311) 1373, 1333113. - 1333, 11113,

11111111 (311 1111111 1311 1111111) 1331, 1311, 111.

1311111111 (3111111111 11 111 Leno) 1331, 1371, 111.-·1333, ΙΙΙ 3. - 1333,
11011) 1. und 11111, - 1331, 111. - 1333, 1 3.

1111111111 (1111111) 1333, 13.

1111111111 lapidum (311111111311) 1333, 1111.

11111111 (1111111) 1333, 113.

111 1111111 1331, 111. - 1333, 11113.

111 1111 11131111 spinarum 11 opus 1111111 1331, 111111.

111 111111 1111111 13331131 1.

31111 mage 11111 (111 111111 111111 3111111) 1111 3111111111111111 311 leit,

11111 111 1111131111111111111111111111111 11 11111111111111111111 3131111111

wie 311 &trigama 11 11111 11111111.

Opus hyemnlo 1333,31111.-· 1331, 3. Nor. - 1333, 13. 1111.

1111111111 11111111 1331, 11. 11111. - 1331, 1. Febr.

1111111 1331, 13. 11111. - 1331,1. 1131.

Prin 1111111111 1333, 3. 111111. -1333, 1. Febr.

Fomtun 1331, 13. 11111. -1331, 11. 11111. - 1333, 1311111. - 1331, 3, April.
-1333, 1. 1111. - 1333, 13. 11111- 1311, 33. 13111.

3131111111,1111111 1111111111, 1111331, 13. 1111. - 1331, 37. April. - 1333,
13. 1111. - 1331, 331111. - 1333, 331111- 1333, 13.1111.- 1333, 7. 1111 ·

Lignum 1331, 13. luni. - 1331, 33. 1111. - 1311, 17. suni. -1333,31. 1111

3111111111 111111 1331311111. - 1331, 3311111.

’11111111 1111,1111111111311111 1331, 11. August - 1313, 33. 1111. -’- 1333, 1.
August. - 1331, 1113111. - 1333, 31. 1111. - 1333, 1111111.

1111111111 1331, 33. Sept. - 1333, 3. 311. - 1333, 33. Sept - 1331333111 -
1331, 3. 3111. - 1333, 1. 311 - 1371, 113111. - 1377, 33. 31111- 1373,
1.011-1333,3.311-1331,3.3111.-1333, 33. 111-1111, 1011.

 

