11911. 1111111111 1111111111, 111111111.
1111ςί11.
1101. 1111111111, 111111111281111. eiusdem 1111.
³ 1101. 1111111111011111,1·18. Aug. eiusdem 1111.
’ Ρ1111111111111.
11111111111 11111Ιί1, 01111111, † 21. 1111 1110.
11111111 811111111111111, † 31. 1111 1113.
’ 11111111.
11111 111111111,·1-2. 1111. 1108.
11111111 111111111111
segarim.
111111111111.
1111111 1111111111111.
1111111 111111131111 (111111111 111111 1101).
1111111111.
1113111111 1111111111.
01111111 611111111111.
11111111111113111111, 11111 1111113111.
11111 (1111111111, 111111 11111111111.
01111111 1111111111.
1111111111 Aygnerinn.
cristina wintherinn.
8111111111.
1111111111.
11111111 1111111, 11111 0111111.
1111111111111.
0111111111.

1101. 1111111 1111111111111111, vidua wolfgangi 11111111111111, 111111
Domini Pauli.

1107. 11111111111111.
01111111 111111111111μ17. 011. 1111.

1111111 11111111111111111.
1111111.
1111111111.
01111111 8111111.
1111111111.
01111111 1111111111.

“ 1108. 1111111111.
1111111111.

1100. 11111111110111111111111111 1111111011111111110.111ς. 11111. 1111.

111111 1111111.
1111111111 1111111111111.
1111111111111111111111 do 1111111130. 11111. 111111. 1111.

1111. 111111, 121. 1111. 111111. 1111.
1111111111 1111111111, 0111111 11111111111, † 27. 1111. 1117.

 

