161

1100 00010000010 0111000 100 80101100 101 1010000 (13111- 1319). 11100
11011010 1000010003 101101000110 P. 01000000 V. 1313 00100000.

CLXXVI.

Hermann 000 1110001101, 1100033001 zu Zmin, 3111 den 811ῆο 01000 Reum
01100 00100 10100 su 11010000011001110

Dat. 11100100000100322. 1100000100 1318.

101 Hermann 000 11100101, 00 den 001100 Ρο0019001 101οΖ003000
0003101 - 100 11 00000000 001 mein 3000113 100000, 1008100100
100 Probat, 100 1100100101 der Το01001 001 der 0000001 3000010 ze
110000010001 101001 101011 001 0030000100 00100011001100101 10
100 30100 001 0001 100100 100 001, 001 101001 mir 3011100 000 zu
00010 01000 10300 110 0100013 3011, 11 man 1011001000 1000013οη
1010 1101000011οψ0αο - 10130101 1001, 100 101 11101100, wa 01

001 dem 000300001οῃ 30130000000 0101, 10100 001 001 wil in aller
der 0010 001 10 01100 100 3000100, 01010000030000111010100101
00100 0010 101100 wo di in 1000 10010 30000000 0101, 0100, daz 101
10101000 00300000110100 11001 0001003000010101 110000 00 000
001000 0001010100 001. 101 30101 auch 0001000 00030000100 100000,
00 001 [00101000010011001001 0100 100 13101000, 0100 0000 mein
10000 100 10010001, 100 00 100 001100 1011010010 001010 000101 daz
101 dem 00 010000 mal 10 01000100 10 dem 000300001οη 11011010
11010000011000100 010 0011001100130100 ze 010000 0001001, daz 01
dez 0003000101100 30100 00110 herren 01001- 101 0003101 0001,
daz 101 mit der 1010001011 der Cappellen 1010 11010300001100300100,
001 0011011000 dem, daz 100 zv 301001, 0001 mit 0010000 000101001001
gut 100 10 00110 101 3010300 0111100 00 00101100 - 1100 0100 311
101 10 - 11000 00101- 1001901100 mit 00010000 1001301-1001-
10010130101000100 00101300 0000 [11010010100 den 1101010010 000
Ρο0ορ0001, daz er 0010 1001301 1013010310 zu 00010000 00 1100000101.
¹ 1100 0010110130100 0101οΝ0000010001 100000100 1001001 100 1000001
10 1000 001001001οη 100 00 dem 00010100 0003103 vor dem heiligen
103 00 0001001100.

0013. 11003. 1110 101100 310301 110300 00 urg-mmmm. 1100 0001000, 0001, 10 3011000
1100100 30101011, 001111101ιο 110301 im 100100113003011110.18.11111111111-111.ΕΒΕ111“1111,.
’ 1100 mite. 31010110110000100110301101 110010, 00131 in 10010011μο 0011110110 1001000100
1001010000 11100011001100 1100010111.

 

