3111

Zum 3611116 der 6113116166 3663166366 161161663616, 1661·
dem 61 eine 3611 lang 616 3611116163ίεί 661161 66636311, 6616616 6161-
36161666 3616616611611 6166611616 66663 66131661616661613 und

31166163 202, 602, 321, 623136, 666, 626, 662. 3166666 226. 3161230.
366116666661126, 63, 33, 133, 311, 362.

36166166611 (61636366366) 13, 216. 3636611666 366, 377. 36611161 13616161 26.
numnam 6, 123. 361161610. 3666116166 263, 766. 36166611661. Hein-
116116611 276, 636. 3611666611367,620. 3661161613 (6136366366) 676, 677,
660, 763. 31611163 71. 31161613 331, 611, 662. 1136616 116. 331616661120,
163, 671, 662. 36166 311. 361661613 363. 3611611666 (136661) 13, 322,101,
162, 672, 670. 3616 633. 3311666611217, 376, 621, 616.

166666361366 123, 327. 16616116611 637, 661.

3611661613136, 616, 663, 663, 636, 763, 761. 3611666611 371, 3616611666 6, 11,
363. 36116161613 267, 622. 36116166611131. 311611613 166. 3116116161 266.
3111163 23, 233. 3611666611661, 663. 33613611666 377, 611. 336136161166 667.
316666 23,12, 16, 66, 166, 366, 366, 367, 163, 622, 716. 316616661616 376.
316666161166 1, 126, 630. 3163666611 601. 3661616366.

Lu 606. 1661666611623, 16663611 16. 1616 13, 366, 616, 631. 166361666611111,
117, 676, 613. 161166 66. 36116161611100. 1616661161 666.

1666663111217. 1161116111666 266. 31. 1161361611 166, 166. 11613661166611 363.
1166611661 130, 131, 116. 1661616111611 (161 11616163) 313,123,131, 633,
636. 3111661163 212, 766. 11616666 121, 127, 133, 366. 11611 136. 3666666611
312, 332. 11361163 67, 136, 176, 261, 316, 362, 166, 171, 611. 3336166611
238. 36116166 201, 662.

11661613 66, 226. 3666611361, 717. 3611616361 62, 166. 36666611767. 36666611
61, 311, 313, 362, 116,136. 3311163 316.

0116611666 (3636366366) 211, 760. 011163 211. 0116166611667. 0361666611
(61636366366) 233. 01161116 366. 011661161 177, 617, 666.

3611636116611 626. 3616611163 333. 366366 162. 316161636616,621, 666. 3116·
11611 363161, 610, 036. 3616611126. 3616116116 100. 3616666611 (61636-
366366) 371. 3616 166. 3636611666 312, 113. 31166666611 63,132,121.
36116 123, 161. 3616166161167,176, 621. 366166611 616.

363366 36666116 (3666311661) 700. 3611663611 366. 3636116166(61636366366)
113. 36661636611 363. 36116166611 163. 3616111661 337, 3616161166611 620.
361661661613 206, 736. 3616316611133116 660, 711. netz 671. 36161661136.
311161116166 316. 3161361661661313. 3163661161736. 31616166611121. 311·
1666611 (61636361366)16, 21, 76, 117, 116, 362, 667. 3633666611330, 336.
231, m, 660. 3611663163 67. 36111661 377, 676. 3311661661 601.
36616 133. 3636161161 733. 36161661 632, 711. 3611616 (61636366366) 733.

3613161617, 33, 133. &hirnesdorf (61636366366) 316, 161. 31116166 336, 121,
126, 736. 3611616611 661. 3611166161 60, 171. 3616616161161, 162, 163,
326, 666. 3661661361661661161 370. 36166166611 763. 316166111166 122.
316166611603.31166661613 12,17. 3111663611 316. 3161611113 126. 33611661166161
136. 33616163 311, 61611616 263, 361. 31616 726. 3161166 3. 3111111166 636.
311616611666 307, 331, 667. 3166161611333. 3116311113 206, 162, 730.

’163616 261, 613. ’166166611 326, 361. ’11616161 610. ’1161116166 16, 337,111,
7166616111 712. ’11661666663611 376. ’11666611 326, 330, 331, 721. ’1616
616. 661, 606, 716.

 

