42

1101 wer 0001 100100 100 00000000100 10010100οο1 der 0111100000
001 01 wider hestistet wnrde, des 0110000010001100 01010000, 00101
01011 mer 1100001 000010, 10000 100 00010 01001, 100 110 00000000-
ten frowen 0000100100, 100 0010000 in 1000001 0011011000 recht, 00000
110001100 10010100 101 10 gener 01001000001101100100011101 110-
000 00 1010 001100 10 1000100, 010 00111011101, 010000, 001 10010100,
- 100 man 100 0000000010 0000100011 dem 01100100 110000 100 00101100
1000000 00 001000 0011 000 dienen 001, 0011000001 100 00000000100
100000 100100 000010001100 110001010 001100 aller 100011101 00111011·
0001100 0001 01001, 00 0001100000 110000000101001, 00100 0001
111011οΙ0 1001 00001 01001. 0001 werde 00100100 00000000100 prreh·
0001100100 00100 100 00000000100 1000000 00 01001100 10100 0000-
100, 000110 0010000 001 desselben sehermes 00110 0000000, 010 100
0101 recht 101 1000 0110 00000001. Der 110000 0010, 00111000 010010100
0101001, 0011000000 0001101011 101, 0001 0100000 1000001 0000001011,
0001 0010001000 werde, 1000100 0010 wier 100 00000000100 honen
11000 10101 00 einen 010111000 00010010 1100000010, 0011001011000
10 100 00001001100 mit 0100000000οη aptes, hem Wslhnlmes 10001001
000 den 80101100 0011000000, 1000001100 00000000100 10010100
rechten 0000110000101, 0010001011 00000101100 10010010. 11000101
000000οε 1100010001 der 0100001000, 01100001 des alten Chnstneres
000, 00000 der 0100000ον, brneder Heinrich, hrveder 1110100000, 10000100
11100, die 100000000000011100100 1100010100, 01000001 0100 meze,
friderich 0100001011οη amman, 0001001000 lambere 000, 01110000
0100 manzer, 0001 ander 1110010 10010 0000000. 1110000 010011 101
000010100100 10000, 10 000 01010100 0010001 0101 genesen Tausent

100, 00011001001 100, 00110 1000 00001001Νο0001010100100 00 0001 ,

100001010οε 1001.

0010. 11000.(1100.101.110. 11, 101211.) An einen 1000000010100110011001 100 0110000 sieten
100801011000110. 1100111, 10 1100111001ὶο0, 01011, nit 0100 10011000000001.110000101110 8. win-
10101 nei 0001101110110 1100010010 000010 110010 100100οι 10 Wiener. narn 0101 00010000 110100
1001010001, 000 sehr 10001001100 101011, in 0011000 11ιο10. 1100011 1111 Ernesti 01010 verenensi..
ehenso: 8-110100101 11111 Ernesti 010101100000010. 10010000 10010011μο 8011110 ist 01011001, 010101
110100, nah. 111, 110. 11, 11100 00010100 0001 eir 0010000 gennem 001001 ist.

11100 000010101110 00010 0010001110ὴο 110001000010011100100000100000110100
0001000 Sshnttenthnrn. 1101001000 000 100 81011 When 1000 811110 0011011100
Pririlegiurn 1001011010 100 13101010 001 100 100001001οε 10001111110100110100

vnnr 1010001288 (Fischer 11. 292) 110000 110100101ηο 1100110000 0000110101,
0010101100 81111 00010001100 10 100 1100110 desselben gehonnnen 00 0010.

 

