111

11111111111,1111111 die Sarhiage gebieterisrh erheiseht und
11111 geht (111 garze 31111· (111311113111111111, die 111111 und 1111111
1111111111 des 11111111111111 ¹). Neben den Wahitaxen bezogen
1111 31111311 111 dem 3111111111 das subsidium caritativum ¹).

311111111111111111811111 zu anderen Htusern desselben
oder 1111111311101111111 war 111 311111311111111 die mit 11111 111-
311111111181111111111111111111181). Wo 11111 1111111111 1111111111
1111 1111111111, 11111111 Kiosterneuburgs 1131111 pfliehigetreu 1111
die Auirerhthaitung 1111111111 11111 1111111 1).

1111 (111111111111111 des 811111 gegentiber 111111111111111111111
111131111111(11111131131111111111111111ῐηί11 1111111111-
1111311111. 111111111, ron 11111111111111 1111111111. das Stitt
gegriindet, 1111113111111 die naebioigenden Babenberger 111111·
gegingen. Restitigungeni) und 11111111113111) der 11111Ιὶ1111
3131111111 113311111111111 31111011111111111111111111 (11 welche
1111111111 3111111111111) 1111111111) lietera (111 Beweis. 11

tn'tt 111 13111111111111 (111111113111111 Insignior 111 1111101111111.1111111
(1111111111, 333)ς 1111111 11111331 die incorporirung 311111311131111111339
(1111111111, 333).
31111111131111111111111 93, 93, 109, 111, 133, 313, 335, 333170, 193

311111 3111131111111.

1) 31111 die 1111111111 73, 73, 193, 193, 303.

¹) 3ο 3111111111111111 11111111 1373, 31 1111111.

⁸) 1111 11111111311111 31111111131 1111111 11111331111111 111 rotgerio: 3111111 (111-
1111111331113111111-011111(1111111111171), 1111111111 01311 (11111131 135),
31111111111111 (1111111111, 333), 111111 (1111111111 191 unci Fischer 11, 357), st.
Florian (11111111 1117), 311111 (11111131 130), 11111111 (11111131 138), 111111
(3111131173), 1111111111-011111 (11111111 535), 1111111111-01111(0111111131),
33111111(111111111353), 1111111111 (11111111 530), 31111 (11111111 131), 1111111·
1111111 (1111111111 573), 11111111111111 (11111111 377111111111111 (11111131 533).

ι) 31111111111111111111111111 (1111111111, 315), 1111131111 (11. 330), 111111111111
(11111111 103, 105, 103), 1111111113 (11111131 73,113), 3111111111 1111111
(1111111111 111), 1111111111 11111111 (3111111117),31111111111111 1111111 (11111131
113), 1111111111111 11 ’1111 (1111111111 113).

Ι) 111111 111111111111111111111, 11111 1133 (1111111111, 113), durch 3111131111113 11.,
11111 11330111111111, 133).

ο) 11111131111111111 11. 11111111 dem 3111111111 11111111111111111 11 Eur, 111111311111
1331 (1111111111, 133). 31111 1111 die 1111111113 111 311111.

⁹) liturg 11111111 111. 1111111 dem 31131 dio 111111111111111 111 111111, 31111 1131
(1111111111, 110), 111331131131111111111111111, 11111111 1111 nectit 1111 111111·
11111 11111 (111311113111111811111 31111311 11111111, 1131111111 1117 (1111111 11,
iub 11111111 311111 1113111111,1111111111111111 110111111111,11111311 stra 11
1111311111 1111 11111111111111111111, 111111337 (1111111111, 13511 1111111 1111111.
inungi 11111 311111 3111111111111, 111111333 (1111111111, 301-397).

 

