128

133333 3331 cm 13333 0331ιῖ33 von anne vnd 133333 1133131333 pei
den Bmedem, also swaz 113 131 3133 1333113133, 133 33113131
13131133. 333 331133 131133. Dis genunt vier 3333 1331133331
1333133 133 3333333313 33 31133 33133, 13 13133113 3131331 31313 was,
33113331131333113333131333 muet, daz der vorgenant 11131333 133
1313131 3133 1311133 weges 331 133 3333313, 113131333313333
1313313311 333 33331331 13133 331 133 13113 iunget vnd 31133 33 ¹
pezzervnge 331333 1111, 1331 3133, 133 33133 311 13113 81131313
331 33 3313313 133333 313 33 133 131331, 331 331 doch 13131333 stam
31313133 3331 333 3331133. Dar 333 331 33 131133 33133133 133 wein-
garten 331 133 wis, die 33131 33 133 333333331331111331133
33311331, 133 133 33 3113331, 3331331 3133 33, 133 33311331331 3313133
3313 3333331331313331336313313 31331, 133 331 33131133 33 3113
3333333333. 83 33131133 113 33333333133 333333131133 13133133
33113313113311311133 weges vnd 133 marche, di 13 333 33331331
331 33313333 3131, 331 131311 33131133 1333 1333333 3331 333333
3331333333 331, 331 13133 man 3331 331333 33113311, 313 33 33333333 Ι
131. Dar zv 3313133 33113 133 33133133311113133331313131113 wajd
313311311133 11333333131133113113111 einander gemain haben, Doch

mach 11131333 13333113111311331, 3331133 13333 33 wil 3313131333131131
131133 33313333, 331 13333 13333113 33133331 133 3331 3331133
33333331 3313 331 13 13113133, 3133 13313333 1331311131313 31331
133 331 gen 331, 331 13 dem 3313331311 1331131133133, 1331333
13333313333133131, 3313133 313 33131133 3311133 33311 133 13313. Swen
31331333331133 3313 3333331, 33 mach 33 3133 133 33133 1311

31313333, 31 33 will, vnd 331333 13313 13 3311 33131133 1313333313 331
13 dem 3311, 313 333 133 33133 1311 3331313333131, 3331 331 33
13131333 13333 133 331133133333313333 313 131133 3313111 dem
33133, 313 mit red 1333131133 331 113 geschrieben ist. 1131313331
133 3333313 331 dem Ν11333 1311 1331131133133 331 133 33113 gegen
133133 33113 3311 13 31133 3313, 313 33 von 33313 33 33313 13 333
3333131133 131 133 dem obern 1311. 133333113313113133113 3311-
133333133333333 3131 331 33 1333133, 331 wie 3113, 13313131131
313 3113 33333131113133 geben 33133 phunt phenninge 3133333
1333333 331 133 3333333133 331131133133 313 33331333. 11133 133
31133 1311333131133, 133 133 3113333331 [11311333 mit der gemain vns·
3331131133 33 1133311333 131133 331 33 31133 333133, 133 13 33131133
3333311311. 111333 331 33 31333 3331331 331 33 31333 gezeuge geben

 

