293

j 111 ain 8111111611 6161 116111 111, 1611 in 1616 8116131αό111 - Den
’ vus 31111111 161 gegeben 111 die 111111 Chloatervrowe vrow 11111111

1 die 1111111136νί1, 161116 3111111 1111116 6111111111 111 Artolfen
1116110116111111111 1111161 111611 111661111166163, 111 si 161311
161 3161111111 11111111 161 311611111161 1116111 1111116 01111 zu
116 61111113 1611) 116 Ρ11111111111-1111 1111131116 wir 11 11116 Ρ1111
-11111311116 mit 11116161 161163161116 16113116. Der priof 161 geben

' -1111111111611611111111 1111111161116 9111161 111111311116111

16 saud 1361116113.

0113. 1113. (nep. Vet. 6. 11. 111. 117). Du 816311 161 Propon· 11611616 11111.

1161611313 (N. 200) 66611 1311 (N. 296) 61111116 66111 1161613111111·
116 0111111161 11611 1111161 mit 1116 1166611616, 161 111116 m 16116111

1319 111 6111111111 Nikolaou (N. 187) ; 11111 11116611 11131161 111161 1111111-

3 1116316161 16 11111111661116111, 1111161 auch 111 dem 11111111- 661 111111116111
1 666 3111116 8111116 111 1161111 1611111 36116116.

J 16 11611111 1111 111111161611131611 6111111 111 11161611111611 161 hail.
³ 16316116116166 81161111661161

1 1168. 6116111661111111616131116.

1371. Fran 11111111661111111111, 111116111111166.

1106. 1111111311, 1111661116.

1116. 6166136611111111111111611166, 11111161166.

1136. 13611 11111166, 111311111.

1137. 0166136611111111161161166,111311116, 611116161 16 111111111111111116

1116. 16 1131116616 11161.

1111. 6111161161 111161111161.

11111. 11666 1111111616111111,116111111661 1117, 1113111116 16 111 136111111116.
16111166, 1 11111. ⁴
Aynweiginn· ’

Β1116166111116 6161 6161111161 1152.
16131111, 1 1171.

1111161666.

1161666111111166, 1 1169.

1111616, 1 1159.

111611 Ρ61111611111161, 1 8. 1111, 1166.
11661366111116311166,118. Aug. 1166. ,
111111161166, 1 11112.

1111111 1111611166, 1 12. 1111. 1173.
1611166.

1117. 8111111166, 1 1111·

1118. 6111111116.

11111. 1163111161 11119.

6611611116.
1111). 11613111111 1111661166, auch 1116611166, 1 31. 1661171.

 

